14
59
62
30
29
37
82
83
88
20
57
95
56
99
71
42
10
50
79
10
33
76
70
10
20
69
39
95
28
97
60
76
66
93
45
42
57
53
44
77
15
56
1
6
24
12
70
32
45
87
35
45
22
8
58
35
90
24
66
94
49
93
55
11
9
40
14
50
84
8
20
59
4
16
51
93
73
91
2
92
69
52
47
49
34
48
20
69
97
69
79
43
14
99
29
40
39
33
42
44
67
50
82
41
46
56
88
98
70
29
8
22
49
96
34
1
88
68
97
46
64
69
8
32
30
76
94
17
64
60
7
64
35
44
52
51
96
87
82
47
52
99
80
13
8
40
13
68
68
17
10
95
13
70
53
92
88
30
78
24
28
78
52
14
96
68
26
33
84
11
66
39
73
89
51
90
79
88
50
45
48
37
73
68
58
42
44
40
38
68
21
20
15
72
62
92
18
65
19
49
29
44
14
59
22
36
33
44
52
79
82
73
99
22
21
5
29
11
8
82
41
76
96
75
27
26
16
32
26
6
84
93
51
30
24
81
14
29
5
90
39
84
86
35
2
21
66
37
34
48
80
8
81
11
99
100
62
27
72
89
54
47
88
2
51
82
49
11
97
6
30
60
46
96
52
3
73
46
50
73
100
44
59
19
93
67
63
60
30
78
6
93
57
14
8
27
15
88
20
6
4
29
40
43
57
50
81
69
6
4
69
72
40
49
38
51
15
4
82
80
67
46
6
17
100
60
25
87
29
44
44
98
72
98
99
8
77
88
97
72
38
57
71
61
61
39
87
55
37
56
100
37
89
38
53
98
42
33
60
8
17
79
8
6
84
90
44
56
43
3
10
38
14
90
15
38
66
69
64
89
98
34
1
35
30
70
46
53
19
45
25
50
34
53
38
65
94
42
27
21
13
26
29
93
35
17
65
7
93
25
79
21
45
74
32
15
98
58
12
85
54
57
7
1
30
63
36
65
97
19
83
45
28
90
98
96
47
69
96
97
54
4
73
44
88
96
60
28
21
9
51
74
45
91
8
18
40
75
93
90
18
96
50
66
97
31
95
37
21
31
20
14
67
36
61
100
2
93
37
73
87
7
85
53
27
63
92
30
75
23
72
62
41
88
81
77
51
15
17
58
35
70
3
29
82
13
4
26
36
38
43
50
12
88
46
82
85
55
28
93
22
76
27
5
39
14
56
10
11
33
73
52
72
97
10
8
45
21
54
26
61
91
65
93
54
53
73
88
42
54
44
66
13
83
58
76
54
54
77
46
31
59
99
43
9
49
69
67
75
36
86
83
49
16
24
36
99
11
17
42
56
64
20
55
75
39
19
47
79
85
24
94
58
76
95
24
39
74
15
46
18
62
98
1
79
68
90
74
17
14
21
4
92
32
96
58
88
79
31
20
28
8
45
45
63
43
87
82
30
65
26
70
57
6
20
78
53
67
49
14
73
57
45
14
68
14
29
69
25
70
87
40
86
71
74
58
65
51
42
31
74
22
41
43
72
34
83
44
67
100
37
16
41
85
33
22
18
14
88
74
14
4
41
81
30
66
47
54
8
38
70
91
60
65
66
64
92
59
40
62
85
27
83
97
35
84
70
1
99
6
26
92
33
62
41
26
91
53
11
9
16
26
21
4
83
35
24
15
47
53
13
31
43
82
41
44
20
60
28
96
55
93
21
69
80
44
43
23
14
22
34
86
100
43
95
99
49
75
16
91
39
81
12
78
13
42
20
3
81
2
62
9
98
4
2
29
98
11
58
79
52
43
79
18
82
91
96
5
48
95
85
71
63
63
36
11
4
36
40
76
27
93
97
51
66
36
69
37
17
54
45
94
24
68
97
81
54
91
20
7
17
57
97
88
13
4
49
12
87
25
93
56
64
17
54
58
25
37
56
37
40
59
32
90
91
83
10
74
10
40
96
8
47
16
81
10
61
45
33
18
49
57
79
100
60
66
7
15
19
30
3
84
91
35
28
26
83
64
2
41
7
78
15
56
99
11
56
55
86
81
12
32
73
5
36
27
63
98
79
15
60
61
57
94
57
22
95
57
44
1
54
29
8
87
51
83
23
39
50
42
88
59
65
15
10
10
96
65
17
73
45
54
76
70
56
4
88
33
80
48
15
68
100
60
32
10
72
98
4
80
39
51
61
21
16
83
75
12
45
73
57
12
32
86
59
73
15
57
89
41
79
22
23
45
18
44
35
58
12
44
25
35
83
45
80
75
5
62
25
6
45
36
38
22
14
12
37
53
51
61
65
36
21
53
64
7
69
3

